ISS (ZARYA)             
1 25544U 98067A   19167.09969735  .00001329  00000-0  30117-4 0  9993
2 25544  51.6443   6.6954 0008190  54.0985  90.4127 15.51204528175081
TIANGONG-2              
1 41765U 16057A   19167.20788194  .00002873  00000-0  36697-4 0  9990
2 41765  42.7837 332.6412 0008868 261.8853  72.4915 15.61736187156881
BANXING-2               
1 41834U 16057H   19167.13258253  .00177519  23527-4  17232-3 0  9993
2 41834  42.7715 194.2403 0012770  84.5781 336.0726 16.10646295152488
ALTAIR PATHFINDER       
1 42711U 98067LS  19166.62403316  .00032466  00000-0  16950-3 0  9998
2 42711  51.6342 305.6859 0001445 142.5113 217.5990 15.80562640118601
ZA-AEROSAT              
1 42713U 98067LU  19151.03730059  .02928871  12128-4  58594-3 0  9990
2 42713  51.6172 356.2792 0012791 275.7272  84.2292 16.30383675116521
NJUST-1                 
1 42722U 98067MB  19167.15699086  .00167028  22995-4  30985-3 0  9998
2 42722  51.6291 281.8034 0005132 314.2413 109.1723 16.00720085118033
NSIGHT                  
1 42726U 98067MF  19167.03954377  .00017272  00000-0  13775-3 0  9998
2 42726  51.6362 322.2754 0004667 166.5112 193.6012 15.71260940117406
KESTREL EYE IIM (KE2M)  
1 42982U 98067NE  19166.97993176  .00006114  00000-0  72573-4 0  9999
2 42982  51.6379 345.9391 0004556 130.5231 229.6160 15.62722642 93495
ASTERIA                 
1 43020U 98067NH  19166.93346184  .00019536  00000-0  16021-3 0  9997
2 43020  51.6430 333.7713 0002167 115.4499 244.6723 15.70495080 89426
DELLINGR (RBLE)         
1 43021U 98067NJ  19167.08983545  .00006523  00000-0  75999-4 0  9995
2 43021  51.6386 345.2130 0002712  99.8687 260.2614 15.63075354 89285
1KUNS-PF                
1 43466U 98067NP  19166.91500992  .00015358  00000-0  15186-3 0  9997
2 43466  51.6378 348.5204 0001272 132.2947 227.8156 15.66083735 62486
UBAKUSAT                
1 43467U 98067NQ  19166.98235523  .00009792  00000-0  11255-3 0  9998
2 43467  51.6378 351.9691 0002605  75.7481 284.3802 15.62743854 62454
BATSU-CS1 (IRAZU)       
1 43468U 98067NR  19166.90920819  .00022231  00000-0  19414-3 0  9998
2 43468  51.6368 345.4604 0001132 152.1592 207.9466 15.68870813162510
CUBERRT                 
1 43546U 98067NU  19166.89428149  .00022460  00000-0  23344-3 0  9993
2 43546  51.6385 353.6292 0005339 123.4996 236.6509 15.64508774 52551
TEMPEST-D               
1 43547U 98067NV  19167.03364195  .00003038  00000-0  46451-4 0  9996
2 43547  51.6388 359.8086 0006263 112.5251 247.6405 15.57942678 52165
RAINCUBE                
1 43548U 98067NW  19166.91079102  .00009487  00000-0  11514-3 0  9999
2 43548  51.6373 356.7256 0006075 125.3675 234.7887 15.61355239 52648
HALOSAT                 
1 43549U 98067NX  19166.97861253  .00010339  00000-0  12519-3 0  9996
2 43549  51.6380 356.4389 0006011 126.9340 233.2205 15.61298831 52212
RADIX                   
1 43550U 98067NY  19166.76549020  .00019431  00000-0  19166-3 0  9997
2 43550  51.6357 352.7233 0004787 145.8692 214.2612 15.65939305 52700
ENDUROSAT ONE           
1 43551U 98067NZ  19166.81079362  .00011942  00000-0  13558-3 0  9999
2 43551  51.6380 355.3219 0006314 135.6692 224.4808 15.62801129 52625
EQUISAT                 
1 43552U 98067PA  19166.78871270  .00009716  00000-0  11666-3 0  9998
2 43552  51.6392 356.6934 0006622 133.4619 226.6927 15.61602344 52560
1998-067PB              
1 43553U 98067PB  19166.76738550  .00007479  00000-0  95321-4 0  9995
2 43553  51.6407 358.0742 0006865 131.5646 228.5937 15.60434828 52593
1998-067PC              
1 43554U 98067PC  19166.78271799  .00012558  00000-0  14067-3 0  9996
2 43554  51.6382 355.1351 0006396 134.9685 225.1829 15.63091804 52161
AEROCUBE 12A            
1 43556U 18046C   19167.16775260  .00000171  00000-0  18714-4 0  9994
2 43556  51.6433  68.7603 0009118  62.6362 297.5545 15.28699046 51172
AEROCUBE 12B            
1 43557U 18046D   19166.85416062  .00000566  00000-0  32779-4 0  9997
2 43557  51.6439  70.4133 0009065  61.2478 298.9412 15.28575503 51079
LEMUR-2-VU              
1 43558U 18046E   19167.22016055  .00001470  00000-0  63383-4 0  9998
2 43558  51.6415  67.6366 0008572  64.9107 295.2761 15.29327177 51183
LEMUR-2-ALEXANDER       
1 43559U 18046F   19167.21260919  .00002086  00000-0  84487-4 0  9990
2 43559  51.6416  67.5886 0008495  65.2491 294.9372 15.29418357 50965
LEMUR-2-YUASA           
1 43560U 18046G   19167.22355524  .00001128  00000-0  51599-4 0  9994
2 43560  51.6430  67.6520 0008985  76.8203 283.3779 15.29301459 51184
LEMUR-2-TOMHENDERSON    
1 43561U 18046H   19167.22037886  .00000982  00000-0  46587-4 0  9991
2 43561  51.6429  67.6328 0008832  76.9380 283.2585 15.29281727 50747
SIRIUSSAT-1             
1 43595U 98067PG  19166.82668897  .00009803  00000-0  12048-3 0  9991
2 43595  51.6369 358.4010 0004019 104.7588 255.3851 15.60983444 47392
SIRIUSSAT-2             
1 43596U 98067PH  19166.79275666  .00009765  00000-0  12078-3 0  9996
2 43596  51.6379 358.9581 0004579 104.3171 255.8331 15.60821123 47389
TANUSHA-3               
1 43597U 98067PJ  19167.04903624  .00012498  00000-0  14431-3 0  9990
2 43597  51.6362 356.1116 0004091 119.6388 240.5014 15.62320642 47442
1998-067PK              
1 43598U 98067PK  19166.85529747  .00013332  00000-0  15268-3 0  9996
2 43598  51.6371 357.0866 0004306 117.2005 242.9429 15.62463060 47419
1998-067PN              
1 43638U 98067PN  19167.03935667  .00005377  00000-0  77194-4 0  9991
2 43638  51.6387   1.3478 0003352  92.2853 267.8524 15.57899456 39297
1998-067PP              
1 43639U 98067PP  19166.99997747  .00008248  00000-0  10944-3 0  9992
2 43639  51.6393   0.3393 0005825  93.9826 266.1833 15.59197053 39319
STARS-ME                
1 43640U 98067PQ  19166.79687026  .00006490  00000-0  89904-4 0  9998
2 43640  51.6379   1.9760 0005947  90.2378 269.9296 15.58465091 39275
SOYUZ-MS 11             
1 43756U 18098A   19166.56643882  .00001252  00000-0  28826-4 0  9996
2 43756  51.6441   9.3429 0008144  52.1934 352.4518 15.51201904175005
ISS DEB (SEDA-AP)       
1 43870U 98067PU  19166.65909391  .00002426  00000-0  42103-4 0  9995
2 43870  51.6422   6.3077 0005464 117.2824 242.8728 15.55341008 27364
CATSAT-2                
1 44029U 98067PV  19166.97857962  .00007828  00000-0  11564-3 0  9990
2 44029  51.6399   4.6996 0005649 134.5880 225.5573 15.56363580 21151
DELPHINI                
1 44030U 98067PW  19166.78071011  .00007697  00000-0  11331-3 0  9990
2 44030  51.6390   5.6195 0005300 133.3341 226.8094 15.56489377 21097
UNITE                   
1 44031U 98067PX  19167.00791241  .00004926  00000-0  77351-4 0  9998
2 44031  51.6395   4.8887 0003915 128.5103 231.6240 15.55632457 21123
TECHEDSAT 8             
1 44032U 98067PY  19166.78275554  .00018623  00000-0  23606-3 0  9999
2 44032  51.6386   4.1352 0004367 134.7415 225.3934 15.59496681 21098
CATSAT-1                
1 44033U 98067PZ  19166.97852050  .00008953  00000-0  13121-3 0  9999
2 44033  51.6399   4.6997 0005427 133.9542 226.1898 15.56372466 21069
SOYUZ-MS 12             
1 44069U 19013A   19166.56643882  .00001252  00000-0  28826-4 0  9992
2 44069  51.6441   9.3429 0008144  52.1934 352.4518 15.51201904175003
PROGRESS-MS 11          
1 44110U 19019A   19166.56643882  .00001252  00000-0  28826-4 0  9995
2 44110  51.6441   9.3429 0008144  52.1934 352.4518 15.51201904175000
CYGNUS NG-11            
1 44188U 19022A   19166.56643882  .00001252  00000-0  28826-4 0  9994
2 44188  51.6441   9.3429 0008144  52.1934 352.4518 15.51201904175005
1998-067QA              
1 44303U 98067QA  19167.19911809  .00002598  00000-0  50787-4 0  9991
2 44303  51.6432   6.1671 0006565  50.9035 309.2538 15.51552513  2692
1998-067QB              
1 44304U 98067QB  19165.00673495  .00009288  00000-0  15960-3 0  9992
2 44304  51.6429  17.0292 0006792  25.8657 334.2671 15.51877412  2360
1998-067QC              
1 44305U 98067QC  19157.34141877  .00009942  00000-0  16865-3 0  9997
2 44305  51.6398  55.0800 0006054  49.1840 310.9674 15.52153184  1173
1998-067QD              
1 44306U 98067QD  19167.13633219  .00002838  00000-0  55024-4 0  9990
2 44306  51.6420   6.4971 0007979  45.9293 314.2353 15.51411896  2697
